!
!!
!!!
!!!!
"
""
"""
""""
#
##
###
####
$
$$
$$$
$$$$
%
%%
%%%
%%%%
&
&&
&&&
&&&&
'
''
'''
''''
';lk
(
((
(((
((((
)
))
)))
))))
*
**
***
****
+
++
+++
++++
,
,,
,,,
,,,,
,./
,;[
,;]
,ki
,mn
,mnb
-
--
---
----
-09
-098
.
.,m
.,mn
..
...
....
.;[
.lo
/
/']
/.,m
//
///
////
/;p
0-=
0
00
000
0000
00000
000000
0000000
00000000
098
098098
098098098
0987
1
11
111
1111
11111
111111
1111111
11111111
2
22
222
2222
22222
222222
2222222
22222222
3
33
333
3333
33333
333333
3333333
33333333
4
44
444
4444
44444
444444
4444444
44444444
5
55
555
5555
55555
555555
5555555
55555555
6
66
666
6666
66666
666666
6666666
66666666
7
77
777
7777
77777
777777
7777777
77777777
8
88
888
8888
88888
888888
8888888
88888888
9
99
999
9999
99999
999999
9999999
99999999
01
02
03
04
05
06
07
08
09
10
100
101
102
103
104
105
106
107
108
109
11
110
111
1111
112
113
114
115
116
117
118
119
12
120
121
122
123
0123
123123
123123123
1234
01234
12345
012345
123456
0123456
1234567
0123456
12345678
012345678
123456789
0123456789
987654321
0987654321
9876543210
456
456456
456456456
456789
789789
789789789
124
125
126
127
128
129
13
130
131
132
133
134
135
136
137
138
139
14
140
141
142
143
144
145
146
147
148
149
15
150
151
152
153
154
155
156
157
158
159
16
160
161
162
163
164
165
166
167
168
169
17
170
171
172
173
174
175
176
177
178
179
18
180
181
182
183
184
185
186
187
188
189
19
190
1900
1901
1902
1903
1904
1905
1906
1907
1908
1909
191
1910
1911
1912
1913
1914
1915
1916
1917
1918
1919
192
1920
1921
1922
1923
1924
1925
1926
1927
1928
1929
193
1930
1931
1932
1933
1934
1935
1936
1937
1938
1939
194
1940
1941
1942
1943
1944
1945
1946
1947
1948
1949
195
1950
1951
1952
1953
1954
1955
1956
1957
1958
1959
196
1960
1961
1962
1963
1964
1965
1966
1967
1968
1969
197
1970
1971
1972
1973
1974
1975
1976
1977
1978
1979
198
1980
1981
1982
1983
1984
1985
1986
1987
1988
1989
199
1990
1991
1992
1993
1994
1995
1996
1997
1998
1999
2
20
200
2000
2001
2002
2003
2004
2005
2006
2007
2008
2009
201
2010
2011
2012
2013
2014
2015
2016
2017
2018
2019
202
2020
2021
2022
2023
2024
2025
2026
2027
2028
2029
203
2030
2031
2032
2033
2034
2035
2036
2037
2038
2039
204
2040
2041
2042
2043
2044
2045
2046
2047
2048
2049
205
2050
206
207
208
209
21
210
211
212
213
214
215
216
217
218
219
22
220
221
222
2222
223
224
225
226
227
228
229
23
230
231
232
233
234
2345
235
236
237
238
239
24
240
241
242
243
244
245
246
247
248
249
25
250
251
252
253
254
255
256
257
258
259
26
260
261
262
263
264
265
266
267
268
269
27
270
271
272
273
274
275
276
277
278
279
28
280
281
282
283
284
285
286
287
288
289
29
290
291
292
293
294
295
296
297
298
299
3
30
300
301
302
303
304
305
306
307
308
309
31
310
311
312
313
314
315
316
317
318
319
32
320
321
321321
321321321
322
323
324
325
326
327
328
329
33
330
331
332
333
3333
334
335
336
337
338
339
34
340
341
342
343
344
345
3456
346
347
348
349
35
350
351
352
353
354
355
356
357
358
359
36
360
361
362
363
364
365
366
367
368
369
37
370
371
372
373
374
375
376
377
378
379
38
380
381
382
383
384
385
386
387
388
389
39
390
391
392
393
394
395
396
397
398
399
4
40
400
401
402
403
404
405
406
407
408
409
41
410
411
412
413
414
415
416
417
418
419
42
420
421
422
423
424
425
426
427
428
429
43
430
431
432
4321
433
434
435
436
437
438
439
44
440
441
442
443
444
4444
445
446
447
448
449
45
450
451
452
453
454
455
456
456456
456456456
4567
457
458
459
46
460
461
462
463
464
465
466
467
468
469
47
470
471
472
473
474
475
476
477
478
479
48
480
481
482
483
484
485
486
487
488
489
49
490
491
492
493
494
495
496
497
498
499
5
50
500
501
502
503
504
505
506
507
508
509
51
510
511
512
513
514
515
516
517
518
519
52
520
521
522
523
524
525
526
527
528
529
53
530
531
532
533
534
535
536
537
538
539
54
540
541
542
543
5432
54321
544
545
546
547
548
549
55
550
551
552
553
554
555
5555
556
557
558
559
56
560
561
562
563
564
565
566
567
5678
568
569
57
570
571
572
573
574
575
576
577
578
579
58
580
581
582
583
584
585
586
587
588
589
59
590
591
592
593
594
595
596
597
598
599
6
60
600
601
602
603
604
605
606
607
608
609
61
610
611
612
613
614
615
616
617
618
619
62
620
621
622
623
624
625
626
627
628
629
63
630
631
632
633
634
635
636
637
638
639
64
640
641
642
643
644
645
646
647
648
649
65
650
651
652
653
654
6543
654654
654654654
655
656
657
658
659
66
660
661
662
663
664
665
666
6666
667
668
669
67
670
671
672
673
674
675
676
677
678
679
68
680
681
682
683
684
685
686
687
688
689
69
690
691
692
693
694
695
696
697
698
699
7
70
700
701
702
703
704
705
706
707
708
709
71
710
711
712
713
714
715
716
717
718
719
72
720
721
722
723
724
725
726
727
728
729
73
730
731
732
733
734
735
736
737
738
739
74
740
741
742
743
744
745
746
747
748
749
75
750
751
752
753
754
755
756
757
758
759
76
760
761
762
763
764
765
7654
766
767
768
769
77
770
771
772
773
774
775
776
777
7777
778
779
78
780
781
782
783
784
785
786
787
788
789
7890
789789
79
790
791
792
793
794
795
796
797
798
799
8
80
800
801
802
803
804
805
806
807
808
809
81
810
811
812
813
814
815
816
817
818
819
82
820
821
822
823
824
825
826
827
828
829
83
830
831
832
833
834
835
836
837
838
839
84
840
841
842
843
844
845
846
847
848
849
85
850
851
852
853
854
855
856
857
858
859
86
860
861
862
863
864
865
866
867
868
869
87
870
871
872
873
874
875
876
8765
877
878
879
88
880
881
882
883
884
885
886
887
888
8888
889
89
890
890-
891
892
893
894
895
896
897
898
899
9
90
90-
90-=
900
901
902
903
904
905
906
907
908
909
91
910
911
912
913
914
915
916
917
918
919
92
920
921
922
923
924
925
926
927
928
929
93
930
931
932
933
934
935
936
937
938
939
94
940
941
942
943
944
945
946
947
948
949
95
950
951
952
953
954
955
956
957
958
959
96
960
961
962
963
964
965
966
967
968
969
97
970
971
972
973
974
975
976
977
978
979
98
980
981
982
983
984
985
986
987
9876
98765
987654
987987
987987987
988
989
99
990
991
992
993
994
995
996
997
998
999
9999
:
::
:::
::::
;
;'
;;
;;;
;;;;
;lk
;lkj
<
<<
<<<
<<<<
=
=-0
=-09
==
===
====
>
>>
>>>
>>>>
?
??
???
????
@
@@
@@@
@@@@
A
AA
AAA
AAAA
B
BB
BBB
BBBB
C
CC
CCC
CCCC
D
DD
DDD
DDDD
E
EE
EEE
EEEE
F
FF
FFF
FFFF
G
GG
GGG
GGGG
H
HH
HHH
HHHH
I
II
III
IIII
J
JJ
JJJ
JJJJ
K
KK
KKK
KKKK
L
LL
LLL
LLLL
M
MM
MMM
MMMM
N
NN
NNN
NNNN
O
OO
OOO
OOOO
P
PP
PPP
PPPP
Q
QQ
QQQ
QQQQ
R
RR
RRR
RRRR
S
SS
SSS
SSSS
T
TT
TTT
TTTT
U
UU
UUU
UUUU
V
VV
VVV
VVVV
W
WW
WWW
WWWW
X
XX
XXX
XXXX
Y
YY
YYY
YYYY
Z
ZZ
ZZZ
ZZZZ
[
['/
[;,
[;.
[[
[[[
[[[[
[]
[]\
[po
[poi
\
\\
\\\
\\\\
\][
]
]'/
];,
];.
][po
]]
]]]
]]]]
^
^^
^^^
^^^^
_
__
___
____
`
``
```
````
a
aa
aaa
aaaa
abc
abc1
abc12
abc123
abc1234
abcd
abcde
abcdef
asd
asdf
b
bb
bbb
bbbb
bgt
bnm
bnm,
bvc
bvcx
c
cba
cc
ccc
cccc
cde
cvb
cvbn
cxz
d
dcba
dd
ddd
dddd
dfg
dfgh
dsa
e
edc
ee
eee
eeee
ert
erty
ewq
f
fds
fdsa
ff
fff
ffff
fgh
fghj
g
gfd
gfds
gg
ggg
gggg
ghj
ghjk
h
hgf
hgfd
hh
hhh
hhhh
hjk
hjkl
i
ii
iii
iiii
ik,
iop
iop[
iuy
iuyt
j
jhg
jhgf
jj
jjj
jjjj
jkl
jkl;
k
kjh
kjhg
kk
kkk
kkkk
kl;
kl;'
l
lkj
lkjh
ll
lll
llll
m
m,.
m,./
mju
mm
mmm
mmmm
mnb
mnbv
n
nbv
nbvc
nhy
nm,
nm,.
nn
nnn
nnnn
o
oiu
oiuy
ol.
oo
ooo
oooo
op[
op[]
p
p;/
poi
poiu
pp
ppp
pppp
q
qaz
qq
qqq
qqqq
qwe
qwer
r
rew
rewq
rfv
rr
rrr
rrrr
rty
rtyu
s
sdf
sdfg
ss
sss
ssss
t
tgb
tre
trew
tt
ttt
tttt
tyu
tyui
u
uio
uiop
ujm
uu
uuu
uuuu
uyt
uytr
v
vbn
vbnm
vcx
vcxz
vfr
vv
vvv
vvvv
w
wer
wert
wsx
ww
www
wwww
x
xcv
xcvb
xsw
xx
xxx
xxxx
y
yhn
ytr
ytre
yui
yuio
yy
yyy
yyyy
z
zaq
zxc
zxcv
zz
zzz
zzzz
{
{{
{{{
{{{{
|
||
|||
||||
}
}}
}}}
}}}}
~
~~
~~~
~~~~
/852
-+
*963
963.
011
012
013
014
015
016
017
018
019
020
021
022
023
024
025
026
027
028
029
030
031
032
033
034
035
036
037
038
039
040
041
042
043
044
045
046
047
048
049
050
051
052
053
054
055
056
057
058
059
060
061
062
063
064
065
066
067
068
069
070
071
072
073
074
075
076
077
078
079
080
081
082
083
084
085
086
087
088
089
090
091
092
093
094
095
096
097
098
099
0100
0101
0102
0103
0104
0105
0106
0107
0108
0109
0110
0111
0112
0113
0114
0115
0116
0117
0118
0119
0120
0121
0122
0123
0124
0125
0126
0127
0128
0129
0130
0131
0132
0133
0134
0135
0136
0137
0138
0139
0140
0141
0142
0143
0144
0145
0146
0147
0148
0149
0150
0151
0152
0153
0154
0155
0156
0157
0158
0159
0160
0161
0162
0163
0164
0165
0166
0167
0168
0169
0170
0171
0172
0173
0174
0175
0176
0177
0178
0179
0180
0181
0182
0183
0184
0185
0186
0187
0188
0189
0190
0191
0192
0193
0194
0195
0196
0197
0198
0199
0200
0201
0202
0203
0204
0205
0206
0207
0208
0209
0210
0211
0212
0213
0214
0215
0216
0217
0218
0219
0220
0221
0222
0223
0224
0225
0226
0227
0228
0229
0230
0231
0232
0233
0234
0235
0236
0237
0238
0239
0240
0241
0242
0243
0244
0245
0246
0247
0248
0249
0250
0251
0252
0253
0254
0255
0256
0257
0258
0259
0260
0261
0262
0263
0264
0265
0266
0267
0268
0269
0270
0271
0272
0273
0274
0275
0276
0277
0278
0279
0280
0281
0282
0283
0284
0285
0286
0287
0288
0289
0290
0291
0292
0293
0294
0295
0296
0297
0298
0299
0300
0301
0302
0303
0304
0305
0306
0307
0308
0309
0310
0311
0312
0313
0314
0315
0316
0317
0318
0319
0320
0321
0322
0323
0324
0325
0326
0327
0328
0329
0330
0331
0332
0333
0334
0335
0336
0337
0338
0339
0340
0341
0342
0343
0344
0345
0346
0347
0348
0349
0350
0351
0352
0353
0354
0355
0356
0357
0358
0359
0360
0361
0362
0363
0364
0365
0366
0367
0368
0369
0370
0371
0372
0373
0374
0375
0376
0377
0378
0379
0380
0381
0382
0383
0384
0385
0386
0387
0388
0389
0390
0391
0392
0393
0394
0395
0396
0397
0398
0399
0400
0401
0402
0403
0404
0405
0406
0407
0408
0409
0410
0411
0412
0413
0414
0415
0416
0417
0418
0419
0420
0421
0422
0423
0424
0425
0426
0427
0428
0429
0430
0431
0432
0433
0434
0435
0436
0437
0438
0439
0440
0441
0442
0443
0444
0445
0446
0447
0448
0449
0450
0451
0452
0453
0454
0455
0456
0457
0458
0459
0460
0461
0462
0463
0464
0465
0466
0467
0468
0469
0470
0471
0472
0473
0474
0475
0476
0477
0478
0479
0480
0481
0482
0483
0484
0485
0486
0487
0488
0489
0490
0491
0492
0493
0494
0495
0496
0497
0498
0499
0500
0501
0502
0503
0504
0505
0506
0507
0508
0509
0510
0511
0512
0513
0514
0515
0516
0517
0518
0519
0520
0521
0522
0523
0524
0525
0526
0527
0528
0529
0530
0531
0532
0533
0534
0535
0536
0537
0538
0539
0540
0541
0542
0543
0544
0545
0546
0547
0548
0549
0550
0551
0552
0553
0554
0555
0556
0557
0558
0559
0560
0561
0562
0563
0564
0565
0566
0567
0568
0569
0570
0571
0572
0573
0574
0575
0576
0577
0578
0579
0580
0581
0582
0583
0584
0585
0586
0587
0588
0589
0590
0591
0592
0593
0594
0595
0596
0597
0598
0599
0600
0601
0602
0603
0604
0605
0606
0607
0608
0609
0610
0611
0612
0613
0614
0615
0616
0617
0618
0619
0620
0621
0622
0623
0624
0625
0626
0627
0628
0629
0630
0631
0632
0633
0634
0635
0636
0637
0638
0639
0640
0641
0642
0643
0644
0645
0646
0647
0648
0649
0650
0651
0652
0653
0654
0655
0656
0657
0658
0659
0660
0661
0662
0663
0664
0665
0666
0667
0668
0669
0670
0671
0672
0673
0674
0675
0676
0677
0678
0679
0680
0681
0682
0683
0684
0685
0686
0687
0688
0689
0690
0691
0692
0693
0694
0695
0696
0697
0698
0699
0700
0701
0702
0703
0704
0705
0706
0707
0708
0709
0710
0711
0712
0713
0714
0715
0716
0717
0718
0719
0720
0721
0722
0723
0724
0725
0726
0727
0728
0729
0730
0731
0732
0733
0734
0735
0736
0737
0738
0739
0740
0741
0742
0743
0744
0745
0746
0747
0748
0749
0750
0751
0752
0753
0754
0755
0756
0757
0758
0759
0760
0761
0762
0763
0764
0765
0766
0767
0768
0769
0770
0771
0772
0773
0774
0775
0776
0777
0778
0779
0780
0781
0782
0783
0784
0785
0786
0787
0788
0789
0790
0791
0792
0793
0794
0795
0796
0797
0798
0799
0800
0801
0802
0803
0804
0805
0806
0807
0808
0809
0810
0811
0812
0813
0814
0815
0816
0817
0818
0819
0820
0821
0822
0823
0824
0825
0826
0827
0828
0829
0830
0831
0832
0833
0834
0835
0836
0837
0838
0839
0840
0841
0842
0843
0844
0845
0846
0847
0848
0849
0850
0851
0852
0853
0854
0855
0856
0857
0858
0859
0860
0861
0862
0863
0864
0865
0866
0867
0868
0869
0870
0871
0872
0873
0874
0875
0876
0877
0878
0879
0880
0881
0882
0883
0884
0885
0886
0887
0888
0889
0890
0891
0892
0893
0894
0895
0896
0897
0898
0899
0900
0901
0902
0903
0904
0905
0906
0907
0908
0909
0910
0911
0912
0913
0914
0915
0916
0917
0918
0919
0920
0921
0922
0923
0924
0925
0926
0927
0928
0929
0930
0931
0932
0933
0934
0935
0936
0937
0938
0939
0940
0941
0942
0943
0944
0945
0946
0947
0948
0949
0950
0951
0952
0953
0954
0955
0956
0957
0958
0959
0960
0961
0962
0963
0964
0965
0966
0967
0968
0969
0970
0971
0972
0973
0974
0975
0976
0977
0978
0979
0980
0981
0982
0983
0984
0985
0986
0987
0988
0989
0990
0991
0992
0993
0994
0995
0996
0997
0998
0999
01000
01001
01002
01003
01004
01005
01006
01007
01008
01009
01010
01011
01012
01013
01014
01015
01016
01017
01018
01019
01020
01021
01022
01023
01024
01025
01026
01027
01028
01029
01030
01031
01032
01033
01034
01035
01036
01037
01038
01039
01040
01041
01042
01043
01044
01045
01046
01047
01048
01049
01050
01051
01052
01053
01054
01055
01056
01057
01058
01059
01060
01061
01062
01063
01064
01065
01066
01067
01068
01069
01070
01071
01072
01073
01074
01075
01076
01077
01078
01079
01080
01081
01082
01083
01084
01085
01086
01087
01088
01089
01090
01091
01092
01093
01094
01095
01096
01097
01098
01099
01100
01101
01102
01103
01104
01105
01106
01107
01108
01109
01110
01111
01112
01113
01114
01115
01116
01117
01118
01119
01120
01121
01122
01123
01124
01125
01126
01127
01128
01129
01130
01131
01132
01133
01134
01135
01136
01137
01138
01139
01140
01141
01142
01143
01144
01145
01146
01147
01148
01149
01150
01151
01152
01153
01154
01155
01156
01157
01158
01159
01160
01161
01162
01163
01164
01165
01166
01167
01168
01169
01170
01171
01172
01173
01174
01175
01176
01177
01178
01179
01180
01181
01182
01183
01184
01185
01186
01187
01188
01189
01190
01191
01192
01193
01194
01195
01196
01197
01198
01199
01200
01201
01202
01203
01204
01205
01206
01207
01208
01209
01210
01211
